140543,137566,137573,136811,140940,140899,140629,140700,140739,326677,327476,245051,140260,136593,138068,138320,140334,140359,140373,140401,140505,140512,140529,249816,249848,136870,136874,137032,137020,137025,136586,136589,136605,137056,137084,138024,138130,138231,138233,140212,140332,140346,140397,140410,140416,140525,140527,140539,140640,140690,140702,140925,326607,326633,326639,326708,326710,326711,326734,326894,326908,327052,327169,327189,327919,  137207,140941,136810,136890,137150,136933,136935,140599,140619,349818,140561,140216,140706,140331,140440,136871,140669,345575,137402,137432,326608,326622,326626,326658,326826,326914,326933,327064,327171,327255,327306,327356,140150,140174,136588,136602,136606,138084,138242,140213,140214,140227,


136855,136856,
 

 
 140517,140518,140519,140520,140324,136821,136827,140667,336936,140223,140224,140225,140226,140229,140231,140232,140244,140245,140246,140247,140248,140249,140250,140251,140252,140254,140256,140257,140258,140340,140341,140345,140348,140395,140396,140402,140403,140418,140459,140504,140521,140522,140523,140524,140526,140528,140303,140305,140307,140322,140689,140744,136609,136610,326602,326603,326604,326605,326705,326756,326757,326758,326759,326760,326761,326762,326763,326764,326765,326766,326767,326768,326769,326770,326771,326772,326773,326774,326775,326776,326777,326778,326779,326780,326781,326782,326783,326784,326785,326786,326787,326788,326789,326790,326791,326792,326793,326794,326795,326796,326797,326798,326799,326800,326801,326802,326803,326804,326805,326806,326807,326809,326811,326813,327811,327812,327813,327814,327815,327817,327818,327819,327820,327821,327822,327823,327824,327825,327826,327827,327828,327829,327830,327831,327832,327833,327834,327835,327836,327837,327838,327839,327840,327841,327842,327843,32,
 
 327844,327845,327846,327847,327848,327849,327850,136587,136599,136603,136604,138041,138042,138043,138056,138171,138172,138263,138331
 
 
 
